id,label
17185,0
17186,0
17187,1
17188,0
17189,0
17190,0
17191,1
17192,0
17193,1
17194,0
17195,0
17196,0
17197,0
17198,0
17199,0
17200,0
17201,0
17202,0
17203,0
17204,0
17205,0
17206,0
17207,0
17208,0
17209,0
17210,0
17211,0
17212,0
17213,0
17214,0
17215,0
17216,0
17217,0
17218,0
17219,0
17220,0
17221,1
17222,0
17223,0
17224,1
17225,0
17226,0
17227,0
17228,0
17229,0
17230,0
17231,0
17232,0
17233,1
17234,0
17235,0
17236,0
17237,0
17238,0
17239,0
17240,0
17241,0
17242,0
17243,0
17244,0
17245,0
17246,1
17247,0
17248,0
17249,1
17250,0
17251,0
17252,0
17253,0
17254,0
17255,0
17256,0
17257,1
17258,0
17259,0
17260,1
17261,1
17262,1
17263,0
17264,0
17265,0
17266,0
17267,0
17268,0
17269,0
17270,0
17271,1
17272,0
17273,0
17274,0
17275,0
17276,0
17277,0
17278,0
17279,0
17280,1
17281,0
17282,0
17283,1
17284,0
17285,1
17286,0
17287,0
17288,0
17289,1
17290,0
17291,0
17292,0
17293,0
17294,0
17295,1
17296,0
17297,1
17298,0
17299,0
17300,0
17301,0
17302,1
17303,0
17304,0
17305,0
17306,0
17307,0
17308,0
17309,0
17310,0
17311,0
17312,0
17313,0
17314,0
17315,0
17316,0
17317,0
17318,0
17319,1
17320,1
17321,0
17322,0
17323,0
17324,1
17325,0
17326,0
17327,0
17328,1
17329,0
17330,0
17331,0
17332,1
17333,1
17334,0
17335,0
17336,0
17337,0
17338,0
17339,0
17340,0
17341,0
17342,0
17343,0
17344,0
17345,0
17346,0
17347,0
17348,0
17349,0
17350,0
17351,0
17352,0
17353,1
17354,0
17355,0
17356,0
17357,0
17358,0
17359,0
17360,0
17361,1
17362,0
17363,0
17364,1
17365,1
17366,0
17367,0
17368,0
17369,0
17370,0
17371,0
17372,0
17373,0
17374,0
17375,1
17376,0
17377,0
17378,0
17379,0
17380,0
17381,1
17382,1
17383,0
17384,0
17385,0
17386,0
17387,0
17388,1
17389,0
17390,0
17391,0
17392,0
17393,1
17394,1
17395,0
17396,0
17397,0
17398,0
17399,0
17400,0
17401,1
17402,0
17403,0
17404,0
17405,0
17406,0
17407,0
17408,0
17409,0
17410,0
17411,0
17412,0
17413,0
17414,0
17415,0
17416,0
17417,0
17418,0
17419,0
17420,1
17421,1
17422,0
17423,0
17424,0
17425,0
17426,1
17427,0
17428,0
17429,0
17430,1
17431,0
17432,0
17433,0
17434,0
17435,0
17436,0
17437,0
17438,0
17439,0
17440,1
17441,0
17442,0
17443,0
17444,0
17445,0
17446,0
17447,1
17448,1
17449,0
17450,0
17451,0
17452,1
17453,0
17454,0
17455,0
17456,0
17457,0
17458,1
17459,0
17460,0
17461,0
17462,0
17463,1
17464,0
17465,0
17466,0
17467,0
17468,0
17469,0
17470,1
17471,0
17472,0
17473,0
17474,0
17475,0
17476,0
17477,0
17478,0
17479,0
17480,0
17481,0
17482,1
17483,0
17484,0
17485,0
17486,1
17487,0
17488,0
17489,0
17490,0
17491,0
17492,0
17493,1
17494,0
17495,0
17496,1
17497,0
17498,0
17499,0
17500,0
17501,0
17502,0
17503,0
17504,0
17505,0
17506,1
17507,0
17508,0
17509,1
17510,0
17511,0
17512,0
17513,1
17514,0
17515,0
17516,0
17517,0
17518,0
17519,0
17520,0
17521,0
17522,0
17523,1
17524,0
17525,0
17526,0
17527,1
17528,1
17529,0
17530,0
17531,1
17532,0
17533,0
17534,1
17535,0
17536,0
17537,0
17538,0
17539,1
17540,0
17541,0
17542,0
17543,1
17544,1
17545,0
17546,1
17547,0
17548,0
17549,0
17550,0
17551,0
17552,0
17553,0
17554,0
17555,0
17556,0
17557,0
17558,0
17559,0
17560,0
17561,0
17562,0
17563,0
17564,1
17565,0
17566,0
17567,0
17568,0
17569,0
17570,0
17571,0
17572,1
17573,0
17574,0
17575,0
17576,1
17577,0
17578,0
17579,0
17580,0
17581,0
17582,0
17583,0
17584,0
17585,1
17586,0
17587,0
17588,1
17589,0
17590,0
17591,0
17592,0
17593,1
17594,0
17595,0
17596,0
17597,1
17598,0
17599,1
17600,0
17601,0
17602,0
17603,0
17604,0
17605,0
17606,0
17607,0
17608,0
17609,0
17610,0
17611,0
17612,0
17613,0
17614,1
17615,0
17616,0
17617,0
17618,0
17619,1
17620,0
17621,0
17622,0
17623,0
17624,1
17625,0
17626,1
17627,1
17628,0
17629,0
17630,0
17631,0
17632,1
17633,0
17634,0
17635,0
17636,0
17637,0
17638,1
17639,1
17640,0
17641,0
17642,0
17643,0
17644,0
17645,0
17646,1
17647,1
17648,0
17649,0
17650,0
17651,0
17652,0
17653,0
17654,0
17655,0
17656,1
17657,0
17658,0
17659,0
17660,0
17661,0
17662,0
17663,0
17664,1
17665,0
17666,0
17667,0
17668,0
17669,0
17670,0
17671,1
17672,0
17673,0
17674,0
17675,0
17676,0
17677,1
17678,0
17679,1
17680,0
17681,0
17682,0
17683,1
17684,1
17685,0
17686,0
17687,1
17688,0
17689,0
17690,0
17691,0
17692,0
17693,0
17694,0
17695,0
17696,0
17697,0
17698,0
17699,1
17700,0
17701,0
17702,0
17703,0
17704,0
17705,0
17706,0
17707,1
17708,0
17709,0
17710,0
17711,0
17712,0
17713,0
17714,0
17715,1
17716,0
17717,0
17718,0
17719,0
17720,0
17721,0
17722,0
17723,0
17724,0
17725,0
17726,0
17727,0
17728,0
17729,0
17730,0
17731,0
17732,1
17733,0
17734,0
17735,1
17736,1
17737,0
17738,0
17739,0
17740,0
17741,1
17742,0
17743,0
17744,0
17745,0
17746,0
17747,1
17748,0
17749,0
17750,0
17751,1
17752,0
17753,0
17754,1
17755,0
17756,0
17757,0
17758,0
17759,0
17760,0
17761,0
17762,0
17763,0
17764,1
17765,1
17766,0
17767,1
17768,0
17769,1
17770,0
17771,0
17772,0
17773,0
17774,0
17775,1
17776,1
17777,0
17778,0
17779,1
17780,0
17781,0
17782,0
17783,0
17784,0
17785,0
17786,0
17787,0
17788,0
17789,1
17790,0
17791,0
17792,0
17793,0
17794,0
17795,0
17796,0
17797,0
17798,0
17799,0
17800,0
17801,0
17802,0
17803,0
17804,0
17805,0
17806,0
17807,0
17808,0
17809,0
17810,0
17811,0
17812,0
17813,1
17814,0
17815,0
17816,0
17817,0
17818,0
17819,0
17820,1
17821,1
17822,0
17823,0
17824,0
17825,0
17826,0
17827,0
17828,0
17829,0
17830,0
17831,0
17832,0
17833,0
17834,0
17835,1
17836,0
17837,0
17838,0
17839,1
17840,0
17841,0
17842,0
17843,0
17844,0
17845,1
17846,0
17847,0
17848,0
17849,0
17850,0
17851,0
17852,0
17853,0
17854,0
17855,0
17856,0
17857,0
17858,0
17859,0
17860,0
17861,0
17862,1
17863,0
17864,0
17865,0
17866,0
17867,0
17868,0
17869,0
17870,0
17871,0
17872,0
17873,0
17874,0
17875,0
17876,0
17877,0
17878,1
17879,0
17880,0
17881,0
17882,0
17883,0
17884,0
17885,0
17886,0
17887,0
17888,0
17889,0
17890,0
17891,0
17892,1
17893,0
17894,1
17895,0
17896,0
17897,0
17898,1
17899,0
17900,0
17901,0
17902,0
17903,0
17904,0
17905,0
17906,0
17907,0
17908,1
17909,0
17910,0
17911,0
17912,0
17913,0
17914,1
17915,0
17916,0
17917,0
17918,0
17919,0
17920,0
17921,1
17922,0
17923,0
17924,0
17925,0
17926,0
17927,0
17928,0
17929,0
17930,0
17931,0
17932,0
17933,0
17934,0
17935,1
17936,1
17937,0
17938,1
17939,0
17940,0
17941,0
17942,0
17943,0
17944,0
17945,0
17946,0
17947,0
17948,0
17949,0
17950,0
17951,0
17952,1
17953,0
17954,0
17955,0
17956,0
17957,0
17958,0
17959,0
17960,0
17961,1
17962,1
17963,1
17964,0
17965,0
17966,1
17967,0
17968,0
17969,0
17970,0
17971,0
17972,0
17973,0
17974,0
17975,1
17976,1
17977,0
17978,0
17979,0
17980,0
17981,0
17982,1
17983,0
17984,1
17985,1
17986,0
17987,0
17988,0
17989,1
17990,0
17991,0
17992,0
17993,0
17994,0
17995,0
17996,0
17997,0
17998,0
17999,1
18000,0
18001,0
18002,0
18003,0
18004,0
18005,0
18006,0
18007,0
18008,0
18009,0
18010,0
18011,0
18012,0
18013,0
18014,0
18015,0
18016,0
18017,0
18018,1
18019,0
18020,0
18021,0
18022,0
18023,0
18024,0
18025,0
18026,0
18027,0
18028,1
18029,0
18030,0
18031,0
18032,0
18033,0
18034,1
18035,1
18036,0
18037,1
18038,0
18039,0
18040,0
18041,0
18042,0
18043,1
18044,0
18045,0
18046,0
18047,0
18048,0
18049,0
18050,0
18051,0
18052,0
18053,0
18054,0
18055,0
18056,1
18057,0
18058,0
18059,0
18060,0
18061,0
18062,0
18063,0
18064,1
18065,0
18066,0
18067,0
18068,0
18069,0
18070,0
18071,0
18072,0
18073,0
18074,1
18075,0
18076,0
18077,0
18078,0
18079,0
18080,0
18081,1
18082,0
18083,0
18084,1
18085,0
18086,0
18087,0
18088,0
18089,0
18090,0
18091,0
18092,0
18093,0
18094,0
18095,0
18096,0
18097,0
18098,0
18099,0
18100,0
18101,0
18102,0
18103,0
18104,0
18105,0
18106,0
18107,0
18108,0
18109,1
18110,0
18111,0
18112,0
18113,1
18114,0
18115,0
18116,0
18117,0
18118,1
18119,1
18120,0
18121,0
18122,0
18123,0
18124,0
18125,0
18126,0
18127,0
18128,0
18129,0
18130,0
18131,0
18132,1
18133,0
18134,0
18135,0
18136,0
18137,0
18138,0
18139,1
18140,0
18141,0
18142,0
18143,0
18144,0
18145,1
18146,0
18147,0
18148,0
18149,0
18150,0
18151,0
18152,0
18153,0
18154,0
18155,1
18156,0
18157,1
18158,0
18159,1
18160,0
18161,1
18162,0
18163,0
18164,0
18165,0
18166,1
18167,1
18168,1
18169,1
18170,1
18171,0
18172,0
18173,0
18174,0
18175,1
18176,0
18177,0
18178,0
18179,0
18180,0
18181,0
18182,0
18183,0
18184,0
18185,0
18186,0
18187,0
18188,0
18189,0
18190,0
18191,0
18192,1
18193,0
18194,0
18195,0
18196,1
18197,0
18198,1
18199,0
18200,0
18201,0
18202,0
18203,1
18204,0
18205,0
18206,0
18207,0
18208,0
18209,1
18210,0
18211,1
18212,0
18213,0
18214,0
18215,1
18216,0
18217,0
18218,0
18219,0
18220,0
18221,0
18222,0
18223,0
18224,0
18225,1
18226,0
18227,0
18228,0
18229,0
18230,0
18231,0
18232,0
18233,0
18234,0
18235,0
18236,0
18237,0
18238,0
18239,1
18240,0
18241,0
18242,1
18243,0
18244,0
18245,1
18246,0
18247,0
18248,0
18249,0
18250,0
18251,0
18252,1
18253,0
18254,0
18255,0
18256,1
18257,1
18258,0
18259,0
18260,0
18261,1
18262,1
18263,0
18264,0
18265,0
18266,0
18267,1
18268,0
18269,0
18270,0
18271,0
18272,0
18273,1
18274,0
18275,1
18276,0
18277,1
18278,0
18279,0
18280,0
18281,0
18282,0
18283,0
18284,0
18285,0
18286,0
18287,0
18288,0
18289,0
18290,1
18291,0
18292,1
18293,0
18294,1
18295,0
18296,1
18297,1
18298,0
18299,1
18300,0
18301,0
18302,0
18303,0
18304,1
18305,0
18306,0
18307,1
18308,1
18309,0
18310,0
18311,0
18312,1
18313,0
18314,0
18315,0
18316,1
18317,0
18318,0
18319,0
18320,0
18321,0
18322,1
18323,0
18324,0
18325,0
18326,0
18327,0
18328,0
18329,0
18330,0
18331,0
18332,0
18333,0
18334,0
18335,1
18336,0
18337,0
18338,0
18339,0
18340,0
18341,1
18342,0
18343,0
18344,1
18345,0
18346,0
18347,0
18348,0
18349,0
18350,0
18351,1
18352,1
18353,0
18354,0
18355,0
18356,0
18357,0
18358,0
18359,0
18360,0
18361,0
18362,0
18363,1
18364,1
18365,0
18366,0
18367,1
18368,0
18369,0
18370,1
18371,1
18372,0
18373,1
18374,1
18375,0
18376,0
18377,0
18378,1
18379,0
18380,0
18381,0
18382,0
18383,0
18384,0
18385,1
18386,0
18387,0
18388,1
18389,1
18390,0
18391,0
18392,0
18393,1
18394,0
18395,0
18396,0
18397,0
18398,1
18399,1
18400,0
18401,0
18402,1
18403,0
18404,0
18405,0
18406,0
18407,0
18408,1
18409,0
18410,0
18411,0
18412,0
18413,0
18414,0
18415,0
18416,0
18417,0
18418,0
18419,0
18420,1
18421,0
18422,1
18423,1
18424,0
18425,1
18426,0
18427,0
18428,0
18429,1
18430,0
18431,0
18432,0
18433,0
18434,0
18435,1
18436,0
18437,0
18438,0
18439,0
18440,1
18441,0
18442,0
18443,1
18444,0
18445,0
18446,1
18447,1
18448,0
18449,0
18450,0
18451,0
18452,1
18453,1
18454,0
18455,0
18456,0
18457,0
18458,0
18459,0
18460,0
18461,0
18462,1
18463,0
18464,0
18465,0
18466,0
18467,0
18468,0
18469,1
18470,0
18471,0
18472,0
18473,0
18474,0
18475,0
18476,0
18477,0
18478,0
18479,0
18480,0
18481,0
18482,1
18483,0
18484,0
18485,0
18486,1
18487,1
18488,1
18489,0
18490,0
18491,1
18492,0
18493,0
18494,0
18495,1
18496,0
18497,1
18498,0
18499,0
18500,0
18501,0
18502,0
18503,0
18504,0
18505,0
18506,0
18507,0
18508,0
18509,0
18510,0
18511,0
18512,0
18513,0
18514,0
18515,1
18516,0
18517,1
18518,0
18519,0
18520,0
18521,1
18522,0
18523,1
18524,0
18525,0
18526,1
18527,0
18528,0
18529,0
18530,0
18531,1
18532,0
18533,0
18534,0
18535,0
18536,1
18537,0
18538,0
18539,1
18540,0
18541,1
18542,0
18543,0
18544,0
18545,0
18546,0
18547,0
18548,0
18549,0
18550,0
18551,0
18552,0
18553,1
18554,0
18555,0
18556,0
18557,0
18558,0
18559,0
18560,0
18561,0
18562,1
18563,1
18564,0
18565,0
18566,0
18567,0
18568,0
18569,0
18570,0
18571,0
18572,0
18573,0
18574,0
18575,0
18576,0
18577,0
18578,0
18579,0
18580,0
18581,0
18582,1
18583,0
18584,0
18585,0
18586,0
18587,0
18588,0
18589,1
18590,0
18591,0
18592,0
18593,0
18594,0
18595,0
18596,0
18597,0
18598,0
18599,0
18600,0
18601,0
18602,1
18603,1
18604,0
18605,0
18606,0
18607,0
18608,1
18609,0
18610,0
18611,0
18612,0
18613,0
18614,0
18615,0
18616,0
18617,0
18618,0
18619,1
18620,0
18621,0
18622,0
18623,0
18624,0
18625,0
18626,0
18627,1
18628,1
18629,0
18630,0
18631,0
18632,0
18633,0
18634,1
18635,0
18636,1
18637,1
18638,0
18639,1
18640,0
18641,0
18642,0
18643,0
18644,0
18645,0
18646,0
18647,0
18648,0
18649,0
18650,0
18651,0
18652,1
18653,0
18654,0
18655,0
18656,0
18657,0
18658,0
18659,0
18660,0
18661,0
18662,0
18663,0
18664,0
18665,0
18666,0
18667,0
18668,0
18669,1
18670,0
18671,0
18672,0
18673,0
18674,0
18675,0
18676,1
18677,0
18678,1
18679,0
18680,0
18681,0
18682,0
18683,0
18684,0
18685,0
18686,0
18687,0
18688,0
18689,0
18690,0
18691,0
18692,0
18693,0
18694,0
18695,0
18696,0
18697,0
18698,1
18699,0
18700,0
18701,1
18702,0
18703,1
18704,0
18705,0
18706,0
18707,0
18708,0
18709,0
18710,0
18711,1
18712,0
18713,0
18714,1
18715,1
18716,0
18717,0
18718,0
18719,0
18720,0
18721,0
18722,0
18723,1
18724,0
18725,0
18726,0
18727,0
18728,1
18729,0
18730,0
18731,1
18732,0
18733,0
18734,1
18735,0
18736,0
18737,0
18738,0
18739,0
18740,0
18741,1
18742,0
18743,0
18744,0
18745,1
18746,1
18747,0
18748,0
18749,1
18750,0
18751,1
18752,0
18753,0
18754,1
18755,0
18756,0
18757,0
18758,0
18759,0
18760,0
18761,0
18762,1
18763,0
18764,1
18765,0
18766,0
18767,0
18768,0
18769,0
18770,0
18771,0
18772,1
18773,1
18774,0
18775,0
18776,0
18777,0
18778,0
18779,0
18780,0
18781,0
18782,0
18783,1
18784,0
18785,0
18786,0
18787,0
18788,0
18789,0
18790,1
18791,0
18792,0
18793,0
18794,0
18795,0
18796,0
18797,1
18798,1
18799,0
18800,0
18801,0
18802,0
18803,0
18804,0
18805,0
18806,0
18807,0
18808,0
18809,0
18810,0
18811,0
18812,0
18813,0
18814,0
18815,0
18816,0
18817,0
18818,0
18819,0
18820,0
18821,1
18822,0
18823,0
18824,0
18825,0
18826,0
18827,0
18828,1
18829,0
18830,0
18831,0
18832,0
18833,0
18834,0
18835,0
18836,0
18837,0
18838,0
18839,1
18840,0
18841,0
18842,0
18843,0
18844,0
18845,0
18846,0
18847,0
18848,0
18849,0
18850,1
18851,0
18852,0
18853,1
18854,1
18855,0
18856,0
18857,0
18858,0
18859,0
18860,0
18861,0
18862,0
18863,1
18864,0
18865,0
18866,0
18867,0
18868,0
18869,0
18870,0
18871,0
18872,0
18873,0
18874,0
18875,1
18876,0
18877,0
18878,0
18879,0
18880,0
18881,1
18882,0
18883,0
18884,0
18885,1
18886,0
18887,0
18888,0
18889,1
18890,0
18891,0
18892,0
18893,0
18894,1
18895,0
18896,0
18897,0
18898,0
18899,0
18900,0
18901,0
18902,0
18903,0
18904,0
18905,0
18906,0
18907,0
18908,0
18909,1
18910,1
18911,0
18912,0
18913,0
18914,0
18915,0
18916,0
18917,1
18918,0
18919,0
18920,0
18921,0
18922,0
18923,1
18924,0
18925,0
18926,1
18927,0
18928,0
18929,0
18930,0
18931,1
18932,0
18933,0
18934,0
18935,0
18936,0
18937,1
18938,0
18939,0
18940,0
18941,0
18942,0
18943,0
18944,0
18945,0
18946,0
18947,1
18948,0
18949,0
18950,0
18951,1
18952,1
18953,0
18954,1
18955,0
18956,0
18957,0
18958,1
18959,0
18960,0
18961,0
18962,0
18963,1
18964,0
18965,1
18966,0
18967,0
18968,0
18969,0
18970,1
18971,0
18972,0
18973,0
18974,0
18975,0
18976,1
18977,0
18978,0
18979,1
18980,0
18981,1
18982,0
18983,0
18984,1
18985,0
18986,0
18987,1
18988,0
18989,0
18990,0
18991,1
18992,0
18993,0
18994,0
18995,0
18996,0
18997,0
18998,1
18999,0
19000,0
19001,0
19002,0
19003,0
19004,0
19005,0
19006,0
19007,0
19008,0
19009,0
19010,0
19011,1
19012,0
19013,0
19014,0
19015,0
19016,0
19017,0
19018,0
19019,0
19020,0
19021,1
19022,0
19023,0
19024,0
19025,0
19026,1
19027,0
19028,0
19029,0
19030,0
19031,0
19032,0
19033,0
19034,0
19035,0
19036,0
19037,0
19038,0
19039,0
19040,0
19041,0
19042,0
19043,0
19044,0
19045,0
19046,1
19047,0
19048,0
19049,0
19050,0
19051,0
19052,0
19053,0
19054,0
19055,1
19056,0
19057,0
19058,0
19059,0
19060,0
19061,0
19062,0
19063,0
19064,0
19065,0
19066,1
19067,0
19068,1
19069,0
19070,0
19071,0
19072,0
19073,0
19074,0
19075,1
19076,0
19077,0
19078,0
19079,0
19080,0
19081,0
19082,0
19083,0
19084,1
19085,0
19086,0
19087,0
19088,1
19089,1
19090,0
19091,0
19092,0
19093,0
19094,1
19095,0
19096,1
19097,0
19098,0
19099,1
19100,0
19101,0
19102,1
19103,0
19104,1
19105,1
19106,1
19107,0
19108,0
19109,0
19110,0
19111,0
19112,0
19113,0
19114,0
19115,0
19116,0
19117,0
19118,0
19119,1
19120,0
19121,1
19122,0
19123,0
19124,0
19125,0
19126,1
19127,0
19128,0
19129,0
19130,0
19131,0
19132,1
19133,0
19134,0
19135,0
19136,0
19137,0
19138,0
19139,0
19140,0
19141,0
19142,0
19143,0
19144,0
19145,1
19146,0
19147,0
19148,1
19149,0
19150,0
19151,0
19152,0
19153,0
19154,0
19155,0
19156,1
19157,1
19158,0
19159,0
19160,0
19161,0
19162,0
19163,1
19164,0
19165,0
19166,1
19167,0
19168,0
19169,0
19170,0
19171,0
19172,0
19173,0
19174,1
19175,0
19176,1
19177,0
19178,1
19179,1
19180,0
19181,0
19182,1
19183,0
19184,0
19185,0
19186,0
19187,0
19188,0
19189,0
19190,0
19191,0
19192,0
19193,0
19194,0
19195,0
19196,0
19197,0
19198,0
19199,0
19200,0
19201,0
19202,0
19203,0
19204,0
19205,1
19206,0
19207,0
19208,0
19209,0
19210,0
19211,0
19212,1
19213,0
19214,1
19215,0
19216,0
19217,0
19218,0
19219,0
19220,1
19221,0
19222,1
19223,0
19224,0
19225,0
19226,1
19227,0
19228,0
19229,0
19230,0
19231,0
19232,1
19233,0
19234,0
19235,0
19236,0
19237,0
19238,0
19239,0
19240,0
19241,0
19242,0
19243,0
19244,0
19245,0
19246,1
19247,1
19248,0
19249,0
19250,0
19251,1
19252,0
19253,1
19254,0
19255,0
19256,0
19257,0
19258,1
19259,0
19260,0
19261,1
19262,0
19263,1
19264,0
19265,0
19266,0
19267,0
19268,0
19269,0
19270,0
19271,0
19272,0
19273,1
19274,0
19275,0
19276,0
19277,1
19278,1
19279,0
19280,0
19281,0
19282,1
19283,0
19284,1
19285,0
19286,0
19287,0
19288,0
19289,0
19290,0
19291,0
19292,0
19293,0
19294,0
19295,0
19296,1
19297,0
19298,0
19299,0
19300,0
19301,0
19302,1
19303,0
19304,0
19305,0
19306,0
19307,0
19308,0
19309,0
19310,0
19311,1
19312,0
19313,1
19314,0
19315,0
19316,0
19317,0
19318,0
19319,1
19320,0
19321,0
19322,0
19323,0
19324,1
19325,0
19326,0
19327,0
19328,0
19329,0
19330,1
19331,0
19332,0
19333,0
19334,0
19335,0
19336,0
19337,0
19338,0
19339,1
19340,0
19341,0
19342,0
19343,0
19344,0
19345,0
19346,1
19347,1
19348,0
19349,0
19350,0
19351,0
19352,0
19353,0
19354,0
19355,0
19356,0
19357,0
19358,1
19359,0
19360,1
19361,0
19362,0
19363,0
19364,0
19365,0
19366,0
19367,0
19368,0
19369,0
19370,0
19371,0
19372,0
19373,0
19374,0
19375,0
19376,0
19377,0
19378,0
19379,1
19380,0
19381,0
19382,0
19383,1
19384,0
19385,0
19386,0
19387,0
19388,0
19389,0
19390,0
19391,0
19392,0
19393,1
19394,0
19395,1
19396,0
19397,0
19398,0
19399,1
19400,0
19401,0
19402,0
19403,0
19404,0
19405,0
19406,0
19407,0
19408,0
19409,0
19410,0
19411,0
19412,0
19413,0
19414,0
19415,0
19416,1
19417,0
19418,0
19419,0
19420,0
19421,0
19422,0
19423,0
19424,0
19425,1
19426,0
19427,0
19428,0
19429,0
19430,0
19431,0
19432,0
19433,0
19434,0
19435,1
19436,0
19437,0
19438,0
19439,0
19440,0
19441,0
19442,0
19443,0
19444,0
19445,0
19446,0
19447,0
19448,0
19449,0
19450,0
19451,0
19452,0
19453,0
19454,0
19455,0
19456,0
19457,1
19458,0
19459,0
19460,0
19461,0
19462,1
19463,1
19464,0
19465,1
19466,0
19467,0
19468,0
19469,0
19470,0
19471,0
19472,0
19473,0
19474,0
19475,0
19476,0
19477,0
19478,0
19479,0
19480,0
19481,0
19482,0
19483,1
19484,0
19485,0
19486,0
19487,0
19488,0
19489,0
19490,0
19491,0
19492,0
19493,0
19494,0
19495,1
19496,0
19497,0
19498,0
19499,0
19500,0
19501,0
19502,0
19503,0
19504,0
19505,1
19506,0
19507,0
19508,1
19509,0
19510,1
19511,0
19512,0
19513,0
19514,1
19515,0
19516,0
19517,0
19518,0
19519,1
19520,0
19521,0
19522,0
19523,1
19524,0
19525,1
19526,0
19527,0
19528,0
19529,0
19530,0
19531,0
19532,0
19533,0
19534,0
19535,1
19536,0
19537,0
19538,0
19539,0
19540,0
19541,0
19542,0
19543,0
19544,0
19545,1
19546,1
19547,1
19548,0
19549,0
19550,0
19551,0
19552,0
19553,0
19554,0
19555,0
19556,0
19557,0
19558,0
19559,0
19560,0
19561,1
19562,1
19563,0
19564,0
19565,1
19566,0
19567,0
19568,0
19569,0
19570,0
19571,0
19572,1
19573,0
19574,0
19575,0
19576,0
19577,1
19578,0
19579,1
19580,0
19581,1
19582,0
19583,0
19584,0
19585,0
19586,0
19587,0
19588,1
19589,0
19590,0
19591,0
19592,1
19593,0
19594,0
19595,1
19596,1
19597,0
19598,1
19599,0
19600,1
19601,0
19602,1
19603,0
19604,0
19605,1
19606,1
19607,0
19608,1
19609,0
19610,0
19611,1
19612,0
19613,1
19614,0
19615,0
19616,0
19617,0
19618,0
19619,0
19620,1
19621,0
19622,0
19623,0
19624,0
19625,1
19626,0
19627,0
19628,0
19629,0
19630,1
19631,1
19632,1
19633,0
19634,0
19635,0
19636,0
19637,1
19638,1
19639,0
19640,1
19641,0
19642,0
19643,1
19644,0
19645,0
19646,0
19647,0
19648,0
19649,1
19650,0
19651,0
19652,1
19653,0
19654,0
19655,1
19656,0
19657,0
19658,0
19659,1
19660,0
19661,0
19662,1
19663,0
19664,0
19665,0
19666,0
19667,0
19668,0
19669,0
19670,0
19671,0
19672,0
19673,0
19674,0
19675,1
19676,0
19677,0
19678,0
19679,0
19680,0
19681,0
19682,0
19683,0
19684,0
19685,0
19686,1
19687,1
19688,0
19689,0
19690,0
19691,0
19692,0
19693,0
19694,0
19695,0
19696,0
19697,0
19698,0
19699,0
19700,0
19701,1
19702,0
19703,0
19704,0
19705,0
19706,0
19707,1
19708,0
19709,0
19710,1
19711,0
19712,0
19713,0
19714,0
19715,0
19716,1
19717,1
19718,1
19719,0
19720,0
19721,0
19722,0
19723,1
19724,0
19725,0
19726,0
19727,0
19728,0
19729,0
19730,0
19731,1
19732,0
19733,0
19734,1
19735,1
19736,1
19737,0
19738,0
19739,0
19740,1
19741,0
19742,0
19743,0
19744,0
19745,0
19746,0
19747,0
19748,0
19749,0
19750,0
19751,0
19752,0
19753,0
19754,1
19755,1
19756,0
19757,0
19758,1
19759,0
19760,0
19761,1
19762,0
19763,0
19764,0
19765,1
19766,0
19767,0
19768,0
19769,1
19770,1
19771,0
19772,0
19773,0
19774,1
19775,0
19776,0
19777,0
19778,0
19779,0
19780,0
19781,0
19782,0
19783,0
19784,0
19785,0
19786,0
19787,0
19788,1
19789,0
19790,0
19791,1
19792,0
19793,0
19794,0
19795,0
19796,0
19797,0
19798,0
19799,0
19800,0
19801,0
19802,0
19803,1
19804,0
19805,0
19806,0
19807,1
19808,0
19809,1
19810,0
19811,0
19812,0
19813,0
19814,0
19815,0
19816,0
19817,0
19818,0
19819,0
19820,1
19821,0
19822,0
19823,0
19824,0
19825,0
19826,0
19827,0
19828,0
19829,0
19830,0
19831,0
19832,1
19833,0
19834,0
19835,0
19836,0
19837,0
19838,0
19839,0
19840,0
19841,1
19842,1
19843,0
19844,0
19845,0
19846,0
19847,0
19848,0
19849,0
19850,0
19851,1
19852,0
19853,0
19854,1
19855,0
19856,0
19857,1
19858,0
19859,0
19860,1
19861,1
19862,1
19863,0
19864,1
19865,0
19866,0
19867,0
19868,0
19869,0
19870,0
19871,0
19872,1
19873,0
19874,1
19875,0
19876,0
19877,0
19878,0
19879,0
19880,1
19881,0
19882,0
19883,0
19884,0
19885,0
19886,1
19887,0
19888,0
19889,0
19890,0
19891,0
19892,1
19893,0
19894,0
19895,1
19896,0
19897,1
19898,0
19899,0
19900,0
19901,0
19902,1
19903,0
19904,0
19905,0
19906,0
19907,0
19908,0
19909,0
19910,1
19911,0
19912,0
19913,1
19914,1
19915,1
19916,0
19917,0
19918,0
19919,0
19920,0
19921,0
19922,1
19923,0
19924,0
19925,0
19926,0
19927,0
19928,1
19929,1
19930,1
19931,0
19932,0
19933,0
19934,1
19935,0
19936,0
19937,0
19938,1
19939,0
19940,0
19941,0
19942,0
19943,0
19944,0
19945,0
19946,0
19947,0
19948,0
19949,0
19950,0
19951,0
19952,0
19953,0
19954,0
19955,0
19956,0
19957,0
19958,0
19959,0
19960,1
19961,0
19962,0
19963,0
19964,0
19965,0
19966,0
19967,0
19968,0
19969,1
19970,0
19971,0
19972,0
19973,0
19974,0
19975,0
19976,0
19977,1
19978,0
19979,0
19980,0
19981,1
19982,0
19983,0
19984,0
19985,1
19986,0
19987,0
19988,0
19989,0
19990,0
19991,0
19992,0
19993,0
19994,0
19995,0
19996,0
19997,0
19998,1
19999,0
20000,0
20001,0
20002,1
20003,0
20004,1
20005,0
20006,0
20007,0
20008,1
20009,1
20010,0
20011,0
20012,0
20013,0
20014,0
20015,1
20016,0
20017,0
20018,0
20019,0
20020,0
20021,0
20022,0
20023,0
20024,0
20025,0
20026,0
20027,0
20028,1
20029,0
20030,1
20031,0
20032,0
20033,1
20034,0
20035,0
20036,1
20037,0
20038,0
20039,0
20040,0
20041,0
20042,1
20043,0
20044,0
20045,0
20046,0
20047,0
20048,0
20049,0
20050,0
20051,0
20052,0
20053,1
20054,0
20055,0
20056,0
20057,0
20058,0
20059,0
20060,0
20061,0
20062,0
20063,0
20064,0
20065,0
20066,0
20067,0
20068,1
20069,0
20070,1
20071,0
20072,1
20073,1
20074,0
20075,0
20076,1
20077,0
20078,0
20079,0
20080,0
20081,1
20082,0
20083,0
20084,0
20085,0
20086,1
20087,0
20088,0
20089,0
20090,1
20091,1
20092,1
20093,0
20094,0
20095,0
20096,0
20097,0
20098,0
20099,1
20100,0
20101,0
20102,0
20103,0
20104,1
20105,1
20106,1
20107,0
20108,0
20109,0
20110,1
20111,0
20112,0
20113,0
20114,0
20115,0
20116,0
20117,0
20118,0
20119,0
20120,0
20121,0
20122,0
20123,0
20124,0
20125,0
20126,0
20127,0
20128,0
20129,0
20130,0
20131,0
20132,1
20133,0
20134,0
20135,0
20136,1
20137,0
20138,0
20139,0
20140,0
20141,0
20142,0
20143,0
20144,0
20145,0
20146,1
20147,0
20148,0
20149,0
20150,0
20151,1
20152,0
20153,1
20154,0
20155,0
20156,0
20157,0
20158,0
20159,0
20160,1
20161,0
20162,0
20163,0
20164,1
20165,0
20166,0
20167,0
20168,0
20169,0
20170,0
20171,0
20172,1
20173,0
20174,0
20175,0
20176,1
20177,0
20178,0
20179,0
20180,0
20181,0
20182,0
20183,0
20184,0
20185,0
20186,0
20187,0
20188,0
20189,0
20190,0
20191,0
20192,0
20193,0
20194,0
20195,0
20196,0
20197,0
20198,0
20199,1
20200,0
20201,0
20202,0
20203,1
20204,1
20205,0
20206,0
20207,1
20208,1
20209,0
20210,1
20211,0
20212,0
20213,0
20214,0
20215,1
20216,0
20217,0
20218,0
20219,0
20220,1
20221,0
20222,0
20223,1
20224,1
20225,1
20226,0
20227,0
20228,0
20229,1
20230,0
20231,0
20232,0
20233,0
20234,0
20235,1
20236,0
20237,0
20238,0
20239,0
20240,0
20241,0
20242,0
20243,1
20244,1
20245,1
20246,0
20247,0
20248,0
20249,0
20250,1
20251,0
20252,0
20253,0
20254,0
20255,0
20256,0
20257,0
20258,1
20259,1
20260,0
20261,0
20262,0
20263,0
20264,0
20265,0
20266,0
20267,1
20268,0
20269,0
20270,0
20271,0
20272,0
20273,0
20274,0
20275,0
20276,0
20277,0
20278,0
20279,0
20280,0
20281,0
20282,0
20283,0
20284,0
20285,1
20286,0
20287,1
20288,0
20289,0
20290,0
20291,0
20292,0
20293,0
20294,0
20295,0
20296,0
20297,0
20298,0
20299,0
20300,0
20301,0
20302,0
20303,0
20304,0
20305,1
20306,0
20307,1
20308,0
20309,0
20310,0
20311,0
20312,0
20313,1
20314,1
20315,0
20316,0
20317,0
20318,0
20319,0
20320,0
20321,0
20322,0
20323,0
20324,0
20325,0
20326,0
20327,0
20328,0
20329,0
20330,0
20331,0
20332,0
20333,0
20334,0
20335,0
20336,0
20337,0
20338,1
20339,1
20340,0
20341,0
20342,0
20343,0
20344,0
20345,0
20346,0
20347,1
20348,0
20349,1
20350,1
20351,0
20352,0
20353,0
20354,0
20355,1
20356,0
20357,0
20358,0
20359,0
20360,0
20361,1
20362,0
20363,0
20364,0
20365,0
20366,0
20367,0
20368,0
20369,0
20370,0
20371,1
20372,0
20373,0
20374,0
20375,0
20376,0
20377,0
20378,0
20379,1
20380,1
20381,0
20382,0
20383,0
20384,0
20385,0
20386,0
20387,0
20388,1
20389,0
20390,1
20391,0
20392,0
20393,0
20394,0
20395,0
20396,0
20397,0
20398,0
20399,0
20400,0
20401,0
20402,0
20403,0
20404,1
20405,1
20406,0
20407,1
20408,0
20409,0
20410,0
20411,0
20412,0
20413,0
20414,0
20415,1
20416,0
20417,0
20418,0
20419,0
20420,0
20421,0
20422,0
20423,1
20424,0
20425,0
20426,0
20427,0
20428,1
20429,1
20430,1
20431,1
20432,0
20433,1
20434,0
20435,0
20436,0
20437,0
20438,0
20439,0
20440,0
20441,0
20442,1
20443,1
20444,1
20445,0
20446,0
20447,0
20448,0
20449,0
20450,0
20451,0
20452,0
20453,0
20454,0
20455,1
20456,0
20457,0
20458,0
20459,0
20460,0
20461,0
20462,1
20463,0
20464,1
20465,1
20466,0
20467,0
20468,0
20469,0
20470,1
20471,0
20472,0
20473,0
20474,1
20475,1
20476,1
20477,0
20478,0
20479,1
20480,0
20481,0
20482,0
20483,0
20484,1
20485,0
20486,0
20487,0
20488,1
20489,0
20490,0
20491,0
20492,0
20493,0
20494,0
20495,0
20496,0
20497,0
20498,0
20499,0
20500,1
20501,0
20502,0
20503,0
20504,0
20505,0
20506,0
20507,0
20508,0
20509,1
20510,1
20511,0
20512,0
20513,0
20514,0
20515,0
20516,0
20517,0
20518,0
20519,1
20520,1
20521,0
20522,1
20523,0
20524,0
20525,1
20526,0
20527,1
20528,0
20529,0
20530,0
20531,1
20532,0
20533,1
20534,0
20535,0
20536,0
20537,1
20538,0
20539,0
20540,0
20541,1
20542,0
20543,0
20544,0
20545,0
20546,1
20547,0
20548,0
20549,1
20550,0
20551,0
20552,0
20553,0
20554,0
20555,0
20556,0
20557,0
20558,0
20559,0
20560,1
20561,0
20562,0
20563,0
20564,0
20565,0
20566,1
20567,0
20568,0
20569,1
20570,0
20571,0
20572,0
20573,1
20574,0
20575,0
20576,0
20577,0
20578,0
20579,0
20580,0
20581,0
20582,0
20583,0
20584,1
20585,0
20586,0
20587,0
20588,0
20589,1
20590,0
20591,0
20592,0
20593,0
20594,0
20595,0
20596,0
20597,0
20598,1
20599,0
20600,1
20601,1
20602,0
20603,1
20604,0
20605,1
20606,0
20607,0
20608,0
20609,0
20610,0
20611,0
20612,0
20613,0
20614,1
20615,0
20616,0
20617,0
20618,0
20619,0
20620,1
20621,0
20622,0
20623,1
20624,0
20625,0
20626,0
20627,0
20628,0
20629,0
20630,0
20631,0
20632,0
20633,0
20634,0
20635,0
20636,0
20637,0
20638,0
20639,0
20640,0
20641,0
20642,0
20643,0
20644,0
20645,0
20646,0
20647,0
20648,0
20649,1
20650,0
20651,0
20652,0
20653,0
20654,0
20655,0
20656,1
20657,0
20658,0
20659,0
20660,1
20661,0
20662,1
20663,0
20664,0
20665,0
20666,1
20667,0
20668,0
20669,0
20670,1
20671,0
20672,0
20673,1
20674,0
20675,1
20676,1
20677,0
20678,0
20679,0
20680,0
20681,1
20682,0
20683,0
20684,0
20685,0
20686,0
20687,0
20688,0
20689,0
20690,0
20691,0
20692,0
20693,0
20694,0
20695,0
20696,1
20697,0
20698,0
20699,0
20700,0
20701,0
20702,0
20703,0
20704,0
20705,0
20706,0
20707,0
20708,0
20709,0
20710,0
20711,1
20712,0
20713,0
20714,0
20715,1
20716,0
20717,0
20718,0
20719,0
20720,0
20721,1
20722,0
20723,0
20724,0
20725,0
20726,1
20727,0
20728,0
20729,0
20730,1
20731,1
20732,0
20733,0
20734,0
20735,0
20736,0
20737,0
20738,0
20739,0
20740,0
20741,0
20742,0
20743,0
20744,0
20745,0
20746,0
20747,1
20748,0
20749,0
20750,0
20751,0
20752,1
20753,0
20754,0
20755,0
20756,1
20757,0
20758,1
20759,0
20760,1
20761,1
20762,0
20763,0
20764,0
20765,0
20766,1
20767,1
20768,0
20769,0
20770,0
20771,0
20772,0
20773,0
20774,0
20775,0
20776,0
20777,0
20778,1
20779,0
20780,0
20781,0
20782,0
20783,0
20784,0
20785,0
20786,0
20787,0
20788,0
20789,1
20790,0
20791,1
20792,0
20793,0
20794,0
20795,1
20796,0
20797,0
20798,0
20799,0
20800,0
20801,0
20802,0
20803,0
20804,0
20805,0
20806,1
20807,0
20808,0
20809,1
20810,0
20811,0
20812,0
20813,0
20814,0
20815,1
20816,0
20817,0
20818,1
20819,0
20820,1
20821,0
20822,0
20823,0
20824,1
20825,1
20826,0
20827,1
20828,0
20829,0
20830,0
20831,1
20832,1
20833,1
20834,0
20835,1
20836,0
20837,0
20838,0
20839,0
20840,0
20841,1
20842,0
20843,0
20844,0
20845,0
20846,0
20847,0
20848,0
20849,0
20850,0
20851,0
20852,0
20853,0
20854,1
20855,0
20856,1
20857,0
20858,0
20859,0
20860,0
20861,1
20862,1
20863,0
20864,0
20865,0
20866,1
20867,0
20868,0
20869,0
20870,0
20871,0
20872,1
20873,0
20874,1
20875,0
20876,0
20877,0
20878,0
20879,0
20880,0
20881,1
20882,0
20883,1
20884,1
20885,0
20886,0
20887,1
20888,0
20889,0
20890,0
20891,0
20892,1
20893,0
20894,0
20895,0
20896,0
20897,0
20898,0
20899,1
20900,0
20901,0
20902,0
20903,0
20904,0
20905,0
20906,0
20907,0
20908,0
20909,0
20910,0
20911,0
20912,0
20913,0
20914,0
20915,0
20916,0
20917,0
20918,0
20919,0
20920,0
20921,0
20922,0
20923,1
20924,0
20925,0
20926,0
20927,1
20928,1
20929,1
20930,0
20931,0
20932,0
20933,1
20934,0
20935,0
20936,0
20937,0
20938,0
20939,0
20940,1
20941,0
20942,0
20943,0
20944,0
20945,0
20946,1
20947,0
20948,0
20949,1
20950,1
20951,0
20952,1
20953,0
20954,0
20955,1
20956,0
20957,0
20958,0
20959,0
20960,0
20961,0
20962,0
20963,0
20964,0
20965,0
20966,0
20967,0
20968,0
20969,0
20970,0
20971,1
20972,0
20973,0
20974,1
20975,0
20976,0
20977,1
20978,0
20979,0
20980,0
20981,0
20982,0
20983,0
20984,0
20985,1
20986,0
20987,0
20988,0
20989,0
20990,0
20991,0
20992,0
20993,1
20994,0
20995,0
20996,0
20997,0
20998,0
20999,0
21000,1
21001,0
21002,0
21003,0
21004,0
21005,0
21006,0
21007,1
21008,1
21009,0
21010,0
21011,0
21012,1
21013,0
21014,0
21015,0
21016,0
21017,0
21018,0
21019,0
21020,0
21021,0
21022,0
21023,1
21024,0
21025,1
21026,0
21027,0
21028,0
21029,0
21030,0
21031,0
21032,0
21033,0
21034,0
21035,0
21036,0
21037,0
21038,0
21039,0
21040,1
21041,0
21042,0
21043,0
21044,0
21045,0
21046,0
21047,0
21048,0
21049,0
21050,0
21051,0
21052,0
21053,0
21054,0
21055,0
21056,0
21057,0
21058,1
21059,0
21060,0
21061,0
21062,0
21063,1
21064,0
21065,1
21066,0
21067,0
21068,0
21069,0
21070,0
21071,0
21072,1
21073,0
21074,0
21075,0
21076,0
21077,0
21078,1
21079,0
21080,0
21081,0
21082,0
21083,0
21084,0
21085,0
21086,0
21087,0
21088,1
21089,1
21090,0
21091,0
21092,0
21093,0
21094,0
21095,0
21096,1
21097,1
21098,0
21099,0
21100,0
21101,0
21102,1
21103,0
21104,0
21105,0
21106,1
21107,0
21108,0
21109,1
21110,0
21111,0
21112,0
21113,0
21114,0
21115,1
21116,0
21117,0
21118,0
21119,0
21120,0
21121,0
21122,0
21123,1
21124,0
21125,0
21126,0
21127,0
21128,0
21129,0
21130,0
21131,0
21132,0
21133,0
21134,0
21135,0
21136,0
21137,0
21138,0
21139,0
21140,0
21141,0
21142,0
21143,1
21144,0
21145,0
21146,0
21147,0
21148,0
21149,1
21150,0
21151,0
21152,0
21153,0
21154,0
21155,0
21156,0
21157,0
21158,0
21159,0
21160,0
21161,0
21162,0
21163,0
21164,0
21165,0
21166,0
21167,0
21168,0
21169,0
21170,0
21171,0
21172,0
21173,0
21174,0
21175,0
21176,0
21177,0
21178,0
21179,0
21180,0
21181,0
21182,0
21183,0
21184,0
21185,1
21186,0
21187,1
21188,0
21189,0
21190,0
21191,0
21192,0
21193,1
21194,0
21195,1
21196,0
21197,0
21198,0
21199,0
21200,0
21201,0
21202,0
21203,0
21204,1
21205,0
21206,0
21207,0
21208,0
21209,0
21210,0
21211,1
21212,0
21213,0
21214,1
21215,0
21216,1
21217,0
21218,0
21219,0
21220,0
21221,0
21222,0
21223,0
21224,0
21225,1
21226,0
21227,0
21228,0
21229,0
21230,0
21231,0
21232,1
21233,0
21234,0
21235,0
21236,0
21237,1
21238,0
21239,0
21240,0
21241,1
21242,0
21243,0
21244,0
21245,0
21246,1
21247,0
21248,1
21249,0
21250,1
21251,1
21252,0
21253,0
21254,1
21255,0
21256,0
21257,0
21258,0
21259,0
21260,0
21261,0
21262,0
21263,0
21264,0
21265,0
21266,0
21267,1
21268,0
21269,1
21270,0
21271,1
21272,0
21273,0
21274,1
21275,0
21276,0
21277,0
21278,0
21279,1
21280,0
21281,0
21282,0
21283,0
21284,1
21285,0
21286,0
21287,0
21288,0
21289,0
21290,0
21291,0
21292,0
21293,0
21294,0
21295,0
21296,1
21297,0
21298,0
21299,0
21300,0
21301,0
21302,1
21303,0
21304,1
21305,0
21306,0
21307,0
21308,0
21309,0
21310,0
21311,1
21312,0
21313,0
21314,0
21315,0
21316,0
21317,1
21318,1
21319,1
21320,0
21321,0
21322,1
21323,0
21324,0
21325,0
21326,0
21327,0
21328,0
21329,0
21330,0
21331,1
21332,1
21333,1
21334,0
21335,1
21336,1
21337,0
21338,0
21339,0
21340,0
21341,1
21342,1
21343,1
21344,1
21345,0
21346,0
21347,0
21348,0
21349,1
21350,0
21351,0
21352,1
21353,0
21354,0
21355,0
21356,0
21357,1
21358,0
21359,1
21360,0
21361,0
21362,0
21363,0
21364,0
21365,0
21366,0
21367,0
21368,0
21369,0
21370,0
21371,0
21372,0
21373,0
21374,0
21375,0
21376,0
21377,0
21378,0
21379,0
21380,1
21381,0
21382,0
21383,0
21384,0
21385,0
21386,0
21387,0
21388,1
21389,0
21390,0
21391,0
21392,0
21393,0
21394,0
21395,1
21396,0
21397,0
21398,0
21399,0
21400,0
21401,0
21402,0
21403,1
21404,0
21405,0
21406,0
21407,1
21408,0
21409,1
21410,0
21411,0
21412,1
21413,0
21414,0
21415,0
21416,1
21417,0
21418,0
21419,1
21420,0
21421,0
21422,0
21423,0
21424,0
21425,0
21426,0
21427,1
21428,0
21429,0
21430,0
21431,0
21432,0
21433,0
21434,0
21435,0
21436,0
21437,0
21438,0
21439,0
21440,0
21441,1
21442,0
21443,0
21444,0
21445,0
21446,0
21447,1
21448,0
21449,0
21450,0
21451,0
21452,0
21453,0
21454,0
21455,1
21456,0
21457,0
21458,1
21459,0
21460,0
21461,0
21462,1
21463,0
21464,0
21465,0
21466,1
21467,0
21468,0
21469,0
21470,0
21471,0
21472,0
21473,0
21474,0
21475,0
21476,0
21477,0
21478,0
21479,0
21480,0
